  11
  17
  18
  19
  20
  21
  22
  23
  24
  25
  26
  27
  28
  29
  31
  33
  38
  40
  42
  44
  46
  50
  52
  53
  54
  55
  56
  57
  58
  59
  60
  61
  62
  63
  64
  65
  66
  67
  68
  69
  70
  71
  72
  74
  75
  76
  77
  80
  82
  83
  84
  85
  87
  90
  91
  92
  93
  94
  98
  99
 100
 101
 104
 106
 109
 110
 113
 115
 116
 117
 118
 121
 128
 130
 131
 132
 133
 134
 135
 136
 137
 138
 139
 140
 141
 142
 143
 145
 150
 153
 154
 155
 156
 157
 158
 159
 160
 161
 162
 163
 164
 165
 166
 167
 168
 169
 170
 171
 172
 173
 174
 175
 176
 177
 178
 179
 180
 181
 184
 185
 186
 187
 188
 189
 190
 191
 192
 193
 195
 196
 198
 199
 201
 202
 204
 207
 208
 210
 211
 214
 215
 217
 220
 221
 222
 223
 226
 227
 228
 230
 231
 232
 233
 235
 236
 237
 238
 243
 246
 247
